6 PLACE SUBMARINE 0.564453 0.640278
6 PLACE DART 0.385546875 0.6083333333333333
6 START FAST
6 TARGET 0.385546875 0.6083333333333333 STRONG-FIRST REGULAR 3
7 UPGRADE 0.564453 0.640278 100
9 UPGRADE 0.564453 0.640278 001
10 WAIT 3
10 PLACE DART 0.357421875 0.6465277777777778
14 PLACE HERO 0.45546875 0.41388888888888886
16 UPGRADE 0.564453 0.640278 100
20 UPGRADE 0.564453 0.640278 001
21 UPGRADE 0.385546875 0.6083333333333333 002
25 UPGRADE 0.564453 0.640278 001
33 UPGRADE 0.564453 0.640278 001
35 PLACE ALCHEMIST 0.528515625 0.6256944444444444
37 UPGRADE 0.5265625 0.6083333333333333 320
41 PLACE DRUID 0.415625 0.41388888888888886
41 PLACE DRUID 0.3765625 0.4041666666666667
41 PLACE DRUID 0.494921875 0.4152777777777778
42 PLACE DRUID 0.399609375 0.35347222222222224
42 PLACE DRUID 0.43984375 0.35555555555555557
42 PLACE DRUID 0.479296875 0.35833333333333334
44 PLACE VILLAGE 0.44140625 0.2763888888888889
46 UPGRADE 0.44140625 0.2763888888888889 210
47 UPGRADE 0.44140625 0.2763888888888889 010
48 UPGRADE 0.5265625 0.6083333333333333 100
49 UPGRADE 0.415625 0.41388888888888886 014
50 UPGRADE 0.3765625 0.4041666666666667 014
51 UPGRADE 0.399609375 0.35347222222222224 014
54 UPGRADE 0.43984375 0.35555555555555557 014
56 UPGRADE 0.479296875 0.35833333333333334 014
59 UPGRADE 0.494921875 0.4152777777777778 014
61 PLACE ALCHEMIST 0.35546875 0.35694444444444445
61 UPGRADE 0.35546875 0.35694444444444445 320
63 UPGRADE 0.35546875 0.35694444444444445 100
64 PLACE ALCHEMIST 0.37890625 0.30416666666666664
64 UPGRADE 0.37890625 0.30416666666666664 320
84 UPGRADE 0.3765625 0.4041666666666667 001
85 UPGRADE 0.44140625 0.2763888888888889 010
87 PLACE SPIKE 0.529296875 0.375
87 UPGRADE 0.529296875 0.375 004
87 TARGET 0.529296875 0.375 CLOSE REGULAR
88 UPGRADE 0.529296875 0.375 020
95 UPGRADE 0.37890625 0.30416666666666664 100
97 UPGRADE 0.529296875 0.375 001
